1,0.953,0,0,0,0,0,0,0,0,0,0,1,1,4,0,0,0,0,0,1,0,1,1,1,1,1,1,1,1,0,1,0,0,0,0,0,0,0,1,0,1,0,0,0,0,3,0,0,0.2,0
2,0.94,0,0,0,0,0,0,0,0,0,0,1,1,4,0,0,0,0,0,1,0,1,1,1,1,1,1,1,1,0,1,0,0,0,0,0,0,0,1,0,1,0,0,0,0,3,0,0,0.2,0
3,0.969,0,0,0,0,0,0,0,0,0,0,1,1,4,0,0,0,0,0,1,0,1,1,1,1,1,1,1,1,0,1,0,0,0,0,0,0,0,1,0,1,0,0,0,0,3,0,0,0.2,0
4,0.905,0,0,0,0,0,0,0,0,0,0,1,1,4,0,0,0,0,0,1,0,1,1,1,1,1,1,1,1,0,1,0,0,0,0,0,0,0,1,0,1,0,0,0,0,3,0,0,0.2,0
5,0.881,0,0,0,0,0,0,0,0,0,0,1,1,4,0,0,0,0,0,1,0,1,1,1,1,1,1,1,1,0,1,0,0,0,0,0,0,0,1,0,1,0,0,0,0,3,0,0,0.2,0
6,0.863,0,0,0,0,0,0,0,0,0,0,1,1,4,0,0,0,0,0,1,0,1,1,1,1,1,1,1,1,0,1,0,0,0,0,0,0,0,1,0,1,0,0,0,0,3,0,0,0.2,0
7,0.966,0,0,0,0,0,0,0,0,0,0,1,1,4,0,0,0,0,0,1,0,1,1,1,1,1,1,1,1,0,1,0,0,0,0,0,0,0,1,0,1,0,0,0,0,3,0,0,0.2,0
8,0.881,0,0,0,0,0,0,0,0,0,0,1,1,4,0,0,0,0,0,1,0,1,1,1,1,1,1,1,1,0,1,0,0,0,0,0,0,0,1,0,1,0,0,0,0,3,0,0,0.2,0
9,0.908,0,0,0,0,0,0,0,0,0,0,1,1,4,0,0,0,0,0,1,0,1,1,1,1,1,1,1,1,0,1,0,0,0,0,0,0,0,1,0,1,0,0,0,0,3,0,0,0.2,0
10,0.933,0,0,0,0,0,0,0,0,0,0,1,1,4,0,0,0,0,0,1,0,1,1,1,1,1,1,1,1,0,1,0,0,0,0,0,0,0,1,0,1,0,0,0,0,3,0,0,0.2,0
11,0.884,0,0,0,0,0,0,0,0,0,0,1,1,4,0,0,0,0,0,1,0,1,1,1,1,1,1,1,1,0,1,0,0,0,0,0,0,0,1,0,1,0,0,0,0,3,0,0,0.2,0
12,0.946,0,0,0,0,0,0,0,0,0,0,1,1,4,0,0,0,0,0,1,0,1,1,1,1,1,1,1,1,0,1,0,0,0,0,0,0,0,1,0,1,0,0,0,0,3,0,0,0.2,0
13,0.923,0,0,0,0,0,0,0,0,0,0,1,1,4,0,0,0,0,0,1,0,1,1,1,1,1,1,1,1,0,1,0,0,0,0,0,0,0,1,0,1,0,0,0,0,3,0,0,0.2,0
14,0.872,0,0,0,0,0,0,0,0,0,0,1,1,4,0,0,0,0,0,1,0,1,1,1,1,1,1,1,1,0,1,0,0,0,0,0,0,0,1,0,1,0,0,0,0,3,0,0,0.2,0
15,0.968,0,0,0,0,0,0,0,0,0,0,1,1,4,0,0,0,0,0,1,0,1,1,1,1,1,1,1,1,0,1,0,0,0,0,0,0,0,1,0,1,0,0,0,0,3,0,0,0.2,0
16,0.865,0,0,0,0,0,0,0,0,0,0,1,1,4,0,0,0,0,0,1,0,1,1,1,1,1,1,1,1,0,1,0,0,0,0,0,0,0,1,0,1,0,0,0,0,3,0,0,0.2,0
17,0.894,0,0,0,0,0,0,0,0,0,0,1,1,4,0,0,0,0,0,1,0,1,1,1,1,1,1,1,1,0,1,0,0,0,0,0,0,0,1,0,1,0,0,0,0,3,0,0,0.2,0
18,0.885,0,0,0,0,0,0,0,0,0,0,1,1,4,0,0,0,0,0,1,0,1,1,1,1,1,1,1,1,0,1,0,0,0,0,0,0,0,1,0,1,0,0,0,0,3,0,0,0.2,0
19,0.93,0,0,0,0,0,0,0,0,0,0,1,1,4,0,0,0,0,0,1,0,1,1,1,1,1,1,1,1,0,1,0,0,0,0,0,0,0,1,0,1,0,0,0,0,3,0,0,0.2,0
20,0.863,0,0,0,0,0,0,0,0,0,0,1,1,4,0,0,0,0,0,1,0,1,1,1,1,1,1,1,1,0,1,0,0,0,0,0,0,0,1,0,1,0,0,0,0,3,0,0,0.2,0
21,0.911,0,0,0,0,0,0,0,0,0,0,1,1,4,0,0,0,0,0,1,0,1,1,1,1,1,1,1,0,0,1,0,0,0,0,0,0,0,1,0,1,0,0,0,0,3,0,0,0.2,0
22,0.865,0,0,0,0,0,0,0,0,0,0,1,1,4,0,0,0,0,0,1,0,1,1,1,1,1,1,1,0,0,1,0,0,0,0,0,0,0,1,0,1,0,0,0,0,3,0,0,0.2,0
23,0.866,0,0,0,0,0,0,0,0,0,0,1,1,4,0,0,0,0,0,1,0,1,1,1,1,1,1,1,0,0,1,0,0,0,0,0,0,0,1,0,1,0,0,0,0,3,0,0,0.2,0
24,0.968,0,0,0,0,0,0,0,0,0,0,1,1,4,0,0,0,0,0,1,0,1,1,1,1,1,1,1,0,0,1,0,0,0,0,0,0,0,1,0,1,0,0,0,0,3,0,0,0.2,0
25,0.894,0,0,0,0,0,0,0,0,0,0,1,1,4,0,0,0,0,0,1,0,1,1,1,1,1,1,1,0,0,1,0,0,0,0,0,0,0,1,0,1,0,0,0,0,3,0,0,0.2,0
26,0.941,0,0,0,0,0,0,0,0,0,0,1,1,4,0,0,0,0,0,1,0,1,1,1,1,1,1,1,0,0,1,0,0,0,0,0,0,0,1,0,1,0,0,0,0,3,0,0,0.2,0
27,0.995,0,0,0,0,0,0,0,0,0,0,1,1,4,0,0,0,0,0,1,0,1,1,1,1,1,1,1,0,0,1,0,0,0,0,0,0,0,1,0,1,0,0,0,0,3,0,0,0.2,0
28,0.915,0,0,0,0,0,0,0,0,0,0,1,1,4,0,0,0,0,0,1,0,1,1,1,1,1,1,1,0,0,1,0,0,0,0,0,0,0,1,0,1,0,0,0,0,3,0,0,0.2,0
29,0.954,0,0,0,0,0,0,0,0,0,0,1,1,4,0,0,0,0,0,1,0,1,1,1,1,1,1,1,0,0,1,0,0,0,0,0,0,0,1,0,1,0,0,0,0,3,0,0,0.2,0
30,0.964,0,0,0,0,0,0,0,0,0,0,1,1,4,0,0,0,0,0,1,0,1,1,1,1,1,1,1,0,0,1,0,0,0,0,0,0,0,1,0,1,0,0,0,0,3,0,0,0.2,0
31,0.915,0,0,0,0,0,0,0,0,0,0,1,1,4,0,0,0,0,0,1,0,1,1,1,1,1,1,1,0,0,1,0,0,0,0,0,0,0,1,0,1,0,0,0,0,3,0,0,0.2,0
32,0.948,0,0,0,0,0,0,0,0,0,0,1,1,4,0,0,0,0,0,1,0,1,1,1,1,1,1,1,0,0,1,0,0,0,0,0,0,0,1,0,1,0,0,0,0,3,0,0,0.2,0
33,0.866,0,0,0,0,0,0,0,0,0,0,1,1,4,0,0,0,0,0,1,0,1,1,1,1,1,1,1,0,0,1,0,0,0,0,0,0,0,1,0,1,0,0,0,0,3,0,0,0.2,0
34,0.99,0,0,0,0,0,0,0,0,0,0,1,1,4,0,0,0,0,0,1,0,1,1,1,1,1,1,1,0,0,1,0,0,0,0,0,0,0,1,0,1,0,0,0,0,3,0,0,0.2,0
35,0.878,0,0,0,0,0,0,0,0,0,0,1,1,4,0,0,0,0,0,1,0,1,1,1,1,1,1,1,0,0,1,0,0,0,0,0,0,0,1,0,1,0,0,0,0,3,0,0,0.2,0
36,0.89,0,0,0,0,0,0,0,0,0,0,1,1,4,0,0,0,0,0,1,0,1,1,1,1,1,1,1,0,0,1,0,0,0,0,0,0,0,1,0,1,0,0,0,0,3,0,0,0.2,0
37,0.97,0,0,0,0,0,0,0,0,0,0,1,1,4,0,0,0,0,0,1,0,1,1,1,1,1,1,1,0,0,1,0,0,0,0,0,0,0,1,0,1,0,0,0,0,3,0,0,0.2,0
38,0.923,0,0,0,0,0,0,0,0,0,0,1,1,4,0,0,0,0,0,1,0,1,1,1,1,1,1,1,0,0,1,0,0,0,0,0,0,0,1,0,1,0,0,0,0,3,0,0,0.2,0
39,0.966,0,0,0,0,0,0,0,0,0,0,1,1,4,0,0,0,0,0,1,0,1,1,1,1,1,1,1,0,0,1,0,0,0,0,0,0,0,1,0,1,0,0,0,0,3,0,0,0.2,0
40,0.909,0,0,0,0,0,0,0,0,0,0,1,1,4,0,0,0,0,0,1,0,1,1,1,1,1,1,1,0,0,1,0,0,0,0,0,0,0,1,0,1,0,0,0,0,3,0,0,0.2,0
41,0.891,0,0,0,0,0,0,0,0,0,0,1,1,4,0,0,0,0,0,1,0,1,1,1,1,1,1,1,0,0,1,0,0,0,0,0,0,0,1,0,1,0,0,0,0,3,0,0,0.2,0
42,0.855,0,0,0,0,0,0,0,0,0,0,1,1,4,0,0,0,0,0,1,0,1,1,1,1,1,1,1,0,0,1,0,0,0,0,0,0,0,1,0,1,0,0,0,0,3,0,0,0.2,0
43,0.951,0,0,0,0,0,0,0,0,0,0,1,1,4,0,0,0,0,0,1,0,1,1,1,1,1,1,1,0,0,1,0,0,0,0,0,0,0,1,0,1,0,0,0,0,3,0,0,0.2,0
44,0.914,0,0,0,0,0,0,0,0,0,0,1,1,4,0,0,0,0,0,1,0,1,1,1,1,1,1,1,0,0,1,0,0,0,0,0,0,0,1,0,1,0,0,0,0,3,0,0,0.2,0
45,0.918,0,0,0,0,0,0,0,0,0,0,1,1,4,0,0,0,0,0,1,0,1,1,1,1,1,1,1,0,0,1,0,0,0,0,0,0,0,1,0,1,0,0,0,0,3,0,0,0.2,0
46,0.942,0,0,0,0,0,0,0,0,0,0,1,1,4,0,0,0,0,0,1,0,1,1,1,1,1,1,1,0,0,1,0,0,0,0,0,0,0,1,0,1,0,0,0,0,3,0,0,0.2,0
47,0.858,0,0,0,0,0,0,0,0,0,0,1,1,4,0,0,0,0,0,1,0,1,1,1,1,1,1,1,0,0,1,0,0,0,0,0,0,0,1,0,1,0,0,0,0,3,0,0,0.2,0
48,0.897,0,0,0,0,0,0,0,0,0,0,1,1,4,0,0,0,0,0,1,0,1,1,1,1,1,1,1,0,0,1,0,0,0,0,0,0,0,1,0,1,0,0,0,0,3,0,0,0.2,0
49,0.966,0,0,0,0,0,0,0,0,0,0,1,1,4,0,0,0,0,0,1,0,1,1,1,1,1,1,1,0,0,1,0,0,0,0,0,0,0,1,0,1,0,0,0,0,3,0,0,0.2,0
50,0.955,0,0,0,0,0,0,0,0,0,0,1,1,4,0,0,0,0,0,1,0,1,1,1,1,1,1,1,0,0,1,0,0,0,0,0,0,0,1,0,1,0,0,0,0,3,0,0,0.2,0
51,0.868,0,0,0,0,0,0,0,0,0,0,1,1,4,0,0,0,0,0,1,0,1,1,1,1,1,1,1,0,0,1,0,0,0,0,0,0,0,1,0,1,0,0,0,0,3,0,0,0.2,0
52,0.869,0,0,0,0,0,0,0,0,0,0,1,1,4,0,0,0,0,0,1,0,1,1,1,1,1,1,1,0,0,1,0,0,0,0,0,0,0,1,0,1,0,0,0,0,3,0,0,0.2,0
53,0.863,0,0,0,0,0,0,0,0,0,0,1,1,4,0,0,0,0,0,1,0,1,1,1,1,1,1,1,0,0,1,0,0,0,0,0,0,0,1,0,1,0,0,0,0,3,0,0,0.2,0
54,0.851,0,0,0,0,0,0,0,0,0,0,1,1,4,0,0,0,0,0,1,0,1,1,1,1,1,1,1,0,0,1,0,0,0,0,0,0,0,1,0,1,0,0,0,0,3,0,0,0.2,0
55,0.913,0,0,0,0,0,0,0,0,0,0,1,1,4,0,0,0,0,0,1,0,1,1,1,1,1,1,1,0,0,1,0,0,0,0,0,0,0,1,0,1,0,0,0,0,3,0,0,0.2,0
56,0.948,0,0,0,0,0,0,0,0,0,0,1,1,4,0,0,0,0,0,1,0,1,1,1,1,1,1,1,0,0,1,0,0,0,0,0,0,0,1,0,1,0,0,0,0,3,0,0,0.2,0
57,0.959,0,0,0,0,0,0,0,0,0,0,1,1,4,0,0,0,0,0,1,0,1,1,1,1,1,1,1,0,0,1,0,0,0,0,0,0,0,1,0,1,0,0,0,0,3,0,0,0.2,0
58,0.93,0,0,0,0,0,0,0,0,0,0,1,1,4,0,0,0,0,0,1,0,1,1,1,1,1,1,1,0,0,1,0,0,0,0,0,0,0,1,0,1,0,0,0,0,3,0,0,0.2,0
59,0.866,0,0,0,0,0,0,0,0,0,0,1,1,4,0,0,0,0,0,1,0,1,1,1,1,1,1,1,0,0,1,0,0,0,0,0,0,0,1,0,1,0,0,0,0,3,0,0,0.2,0
60,0.945,0,0,0,0,0,0,0,0,0,0,1,1,4,0,0,0,0,0,1,0,1,1,1,1,1,1,1,0,0,1,0,0,0,0,0,0,0,1,0,1,0,0,0,0,3,0,0,0.2,0
61,0.869,0,0,0,0,0,0,0,0,0,0,1,1,4,0,0,0,0,0,1,0,1,1,1,1,1,1,1,1,0,1,0,0,0,0,0,0,0,1,0,1,0,0,0,0,3,0,0,0.2,0
62,0.87,0,0,0,0,0,0,0,0,0,0,1,1,4,0,0,0,0,0,1,0,1,1,1,1,1,1,1,1,0,1,0,0,0,0,0,0,0,1,0,1,0,0,0,0,3,0,0,0.2,0
63,0.864,0,0,0,0,0,0,0,0,0,0,1,1,4,0,0,0,0,0,1,0,1,1,1,1,1,1,1,1,0,1,0,0,0,0,0,0,0,1,0,1,0,0,0,0,3,0,0,0.2,0
64,0.871,0,0,0,0,0,0,0,0,0,0,1,1,4,0,0,0,0,0,1,0,1,1,1,1,1,1,1,1,0,1,0,0,0,0,0,0,0,1,0,1,0,0,0,0,3,0,0,0.2,0
65,0.875,0,0,0,0,0,0,0,0,0,0,1,1,4,0,0,0,0,0,1,0,1,1,1,1,1,1,1,1,0,1,0,0,0,0,0,0,0,1,0,1,0,0,0,0,3,0,0,0.2,0
66,0.879,0,0,0,0,0,0,0,0,0,0,1,1,4,0,0,0,0,0,1,0,1,1,1,1,1,1,1,1,0,1,0,0,0,0,0,0,0,1,0,1,0,0,0,0,3,0,0,0.2,0
67,0.897,0,0,0,0,0,0,0,0,0,0,1,1,4,0,0,0,0,0,1,0,1,1,1,1,1,1,1,1,0,1,0,0,0,0,0,0,0,1,0,1,0,0,0,0,3,0,0,0.2,0
68,0.897,0,0,0,0,0,0,0,0,0,0,1,1,4,0,0,0,0,0,1,0,1,1,1,1,1,1,1,1,0,1,0,0,0,0,0,0,0,1,0,1,0,0,0,0,3,0,0,0.2,0
69,0.882,0,0,0,0,0,0,0,0,0,0,1,1,4,0,0,0,0,0,1,0,1,1,1,1,1,1,1,1,0,1,0,0,0,0,0,0,0,1,0,1,0,0,0,0,3,0,0,0.2,0
70,0.887,0,0,0,0,0,0,0,0,0,0,1,1,4,0,0,0,0,0,1,0,1,1,1,1,1,1,1,1,0,1,0,0,0,0,0,0,0,1,0,1,0,0,0,0,3,0,0,0.2,0
71,0.984,0,0,0,0,0,0,0,0,0,0,1,1,4,0,0,0,0,0,1,0,1,1,1,1,1,1,1,1,0,1,0,0,0,0,0,0,0,1,0,1,0,0,0,0,3,0,0,0.2,0
72,0.956,0,0,0,0,0,0,0,0,0,0,1,1,4,0,0,0,0,0,1,0,1,1,1,1,1,1,1,1,0,1,0,0,0,0,0,0,0,1,0,1,0,0,0,0,3,0,0,0.2,0
73,0.933,0,0,0,0,0,0,0,0,0,0,1,1,4,0,0,0,0,0,1,0,1,1,1,1,1,1,1,1,0,1,0,0,0,0,0,0,0,1,0,1,0,0,0,0,3,0,0,0.2,0
74,0.877,0,0,0,0,0,0,0,0,0,0,1,1,4,0,0,0,0,0,1,0,1,1,1,1,1,1,1,1,0,1,0,0,0,0,0,0,0,1,0,1,0,0,0,0,3,0,0,0.2,0
75,0.882,0,0,0,0,0,0,0,0,0,0,1,1,4,0,0,0,0,0,1,0,1,1,1,1,1,1,1,1,0,1,0,0,0,0,0,0,0,1,0,1,0,0,0,0,3,0,0,0.2,0
76,0.861,0,0,0,0,0,0,0,0,0,0,1,1,4,0,0,0,0,0,1,0,1,1,1,1,1,1,1,1,0,1,0,0,0,0,0,0,0,1,0,1,0,0,0,0,3,0,0,0.2,0
77,0.987,0,0,0,0,0,0,0,0,0,0,1,1,4,0,0,0,0,0,1,0,1,1,1,1,1,1,1,1,0,1,0,0,0,0,0,0,0,1,0,1,0,0,0,0,3,0,0,0.2,0
78,0.956,0,0,0,0,0,0,0,0,0,0,1,1,4,0,0,0,0,0,1,0,1,1,1,1,1,1,1,1,0,1,0,0,0,0,0,0,0,1,0,1,0,0,0,0,3,0,0,0.2,0
79,0.934,0,0,0,0,0,0,0,0,0,0,1,1,4,0,0,0,0,0,1,0,1,1,1,1,1,1,1,1,0,1,0,0,0,0,0,0,0,1,0,1,0,0,0,0,3,0,0,0.2,0
80,0.897,0,0,0,0,0,0,0,0,0,0,1,1,4,0,0,0,0,0,1,0,1,1,1,1,1,1,1,1,0,1,0,0,0,0,0,0,0,1,0,1,0,0,0,0,3,0,0,0.2,0
