1,0.951,0,0,0,0,0,0,0,0,0,0,1,1,4,0,0,0,0,0,1,0,1,1,1,1,1,1,1,2,0.1,0.26,0,0,0,0,0,0,0,1,0,1,0,0,0,0,3,0,0,0.2,0
2,0.957,0,0,0,0,0,0,0,0,0,0,1,1,4,0,0,0,0,0,1,0,1,1,1,1,1,1,1,2,0.1,0.26,0,0,0,0,0,0,0,1,0,1,0,0,0,0,3,0,0,0.2,0
3,0.946,0,0,0,0,0,0,0,0,0,0,1,1,4,0,0,0,0,0,1,0,1,1,1,1,1,1,1,2,0.1,0.26,0,0,0,0,0,0,0,1,0,1,0,0,0,0,3,0,0,0.2,0
4,0.913,0,0,0,0,0,0,0,0,0,0,1,1,4,0,0,0,0,0,1,0,1,1,1,1,1,1,1,2,0.1,0.26,0,0,0,0,0,0,0,1,0,1,0,0,0,0,3,0,0,0.2,0
5,0.909,0,0,0,0,0,0,0,0,0,0,1,1,4,0,0,0,0,0,1,0,1,1,1,1,1,1,1,2,0.1,0.26,0,0,0,0,0,0,0,1,0,1,0,0,0,0,3,0,0,0.2,0
6,0.973,0,0,0,0,0,0,0,0,0,0,1,1,4,0,0,0,0,0,1,0,1,1,1,1,1,1,1,2,0.1,0.26,0,0,0,0,0,0,0,1,0,1,0,0,0,0,3,0,0,0.2,0
7,0.897,0,0,0,0,0,0,0,0,0,0,1,1,4,0,0,0,0,0,1,0,1,1,1,1,1,1,1,2,0.1,0.26,0,0,0,0,0,0,0,1,0,1,0,0,0,0,3,0,0,0.2,0
8,0.972,0,0,0,0,0,0,0,0,0,0,1,1,4,0,0,0,0,0,1,0,1,1,1,1,1,1,1,2,0.1,0.26,0,0,0,0,0,0,0,1,0,1,0,0,0,0,3,0,0,0.2,0
9,0.969,0,0,0,0,0,0,0,0,0,0,1,1,4,0,0,0,0,0,1,0,1,1,1,1,1,1,1,2,0.1,0.26,0,0,0,0,0,0,0,1,0,1,0,0,0,0,3,0,0,0.2,0
10,0.978,0,0,0,0,0,0,0,0,0,0,1,1,4,0,0,0,0,0,1,0,1,1,1,1,1,1,1,2,0.1,0.26,0,0,0,0,0,0,0,1,0,1,0,0,0,0,3,0,0,0.2,0
11,0.926,0,0,0,0,0,0,0,0,0,0,1,1,4,0,0,0,0,0,1,0,1,1,1,1,1,1,1,2,0.1,0.26,0,0,0,0,0,0,0,1,0,1,0,0,0,0,3,0,0,0.2,0
12,0.945,0,0,0,0,0,0,0,0,0,0,1,1,4,0,0,0,0,0,1,0,1,1,1,1,1,1,1,2,0.1,0.26,0,0,0,0,0,0,0,1,0,1,0,0,0,0,3,0,0,0.2,0
13,0.993,0,0,0,0,0,0,0,0,0,0,1,1,4,0,0,0,0,0,1,0,1,1,1,1,1,1,1,2,0.1,0.26,0,0,0,0,0,0,0,1,0,1,0,0,0,0,3,0,0,0.2,0
14,0.917,0,0,0,0,0,0,0,0,0,0,1,1,4,0,0,0,0,0,1,0,1,1,1,1,1,1,1,2,0.1,0.26,0,0,0,0,0,0,0,1,0,1,0,0,0,0,3,0,0,0.2,0
15,0.859,0,0,0,0,0,0,0,0,0,0,1,1,4,0,0,0,0,0,1,0,1,1,1,1,1,1,1,2,0.1,0.26,0,0,0,0,0,0,0,1,0,1,0,0,0,0,3,0,0,0.2,0
16,0.98,0,0,0,0,0,0,0,0,0,0,1,1,4,0,0,0,0,0,1,0,1,1,1,1,1,1,1,2,0.1,0.26,0,0,0,0,0,0,0,1,0,1,0,0,0,0,3,0,0,0.2,0
17,0.945,0,0,0,0,0,0,0,0,0,0,1,1,4,0,0,0,0,0,1,0,1,1,1,1,1,1,1,2,0.1,0.26,0,0,0,0,0,0,0,1,0,1,0,0,0,0,3,0,0,0.2,0
18,0.903,0,0,0,0,0,0,0,0,0,0,1,1,4,0,0,0,0,0,1,0,1,1,1,1,1,1,1,2,0.1,0.26,0,0,0,0,0,0,0,1,0,1,0,0,0,0,3,0,0,0.2,0
19,1,0,0,0,0,0,0,0,0,0,0,1,1,4,0,0,0,0,0,1,0,1,1,1,1,1,1,1,2,0.1,0.26,0,0,0,0,0,0,0,1,0,1,0,0,0,0,3,0,0,0.2,0
20,0.883,0,0,0,0,0,0,0,0,0,0,1,1,4,0,0,0,0,0,1,0,1,1,1,1,1,1,1,2,0.1,0.26,0,0,0,0,0,0,0,1,0,1,0,0,0,0,3,0,0,0.2,0
21,0.948,0,0,0,0,0,0,0,0,0,0,1,1,4,0,0,0,0,0,1,0,1,1,1,1,1,1,1,2,0.1,0.26,0,0,0,0,0,0,0,1,0,1,0,0,0,0,3,0,0,0.2,0
22,0.941,0,0,0,0,0,0,0,0,0,0,1,1,4,0,0,0,0,0,1,0,1,1,1,1,1,1,1,2,0.1,0.26,0,0,0,0,0,0,0,1,0,1,0,0,0,0,3,0,0,0.2,0
23,0.908,0,0,0,0,0,0,0,0,0,0,1,1,4,0,0,0,0,0,1,0,1,1,1,1,1,1,1,2,0.1,0.26,0,0,0,0,0,0,0,1,0,1,0,0,0,0,3,0,0,0.2,0
24,0.871,0,0,0,0,0,0,0,0,0,0,1,1,4,0,0,0,0,0,1,0,1,1,1,1,1,1,1,2,0.1,0.26,0,0,0,0,0,0,0,1,0,1,0,0,0,0,3,0,0,0.2,0
25,0.853,0,0,0,0,0,0,0,0,0,0,1,1,4,0,0,0,0,0,1,0,1,1,1,1,1,1,1,2,0.1,0.26,0,0,0,0,0,0,0,1,0,1,0,0,0,0,3,0,0,0.2,0
26,0.913,0,0,0,0,0,0,0,0,0,0,1,1,4,0,0,0,0,0,1,0,1,1,1,1,1,1,1,2,0.1,0.26,0,0,0,0,0,0,0,1,0,1,0,0,0,0,3,0,0,0.2,0
27,0.877,0,0,0,0,0,0,0,0,0,0,1,1,4,0,0,0,0,0,1,0,1,1,1,1,1,1,1,2,0.1,0.26,0,0,0,0,0,0,0,1,0,1,0,0,0,0,3,0,0,0.2,0
28,0.959,0,0,0,0,0,0,0,0,0,0,1,1,4,0,0,0,0,0,1,0,1,1,1,1,1,1,1,2,0.1,0.26,0,0,0,0,0,0,0,1,0,1,0,0,0,0,3,0,0,0.2,0
29,0.905,0,0,0,0,0,0,0,0,0,0,1,1,4,0,0,0,0,0,1,0,1,1,1,1,1,1,1,2,0.1,0.26,0,0,0,0,0,0,0,1,0,1,0,0,0,0,3,0,0,0.2,0
30,0.977,0,0,0,0,0,0,0,0,0,0,1,1,4,0,0,0,0,0,1,0,1,1,1,1,1,1,1,2,0.1,0.26,0,0,0,0,0,0,0,1,0,1,0,0,0,0,3,0,0,0.2,0
31,0.96,0,0,0,0,0,0,0,0,0,0,1,1,4,0,0,0,0,0,1,0,1,1,1,1,1,1,1,2,0.1,0.26,0,0,0,0,0,0,0,1,0,1,0,0,0,0,3,0,0,0.2,0
32,0.936,0,0,0,0,0,0,0,0,0,0,1,1,4,0,0,0,0,0,1,0,1,1,1,1,1,1,1,2,0.1,0.26,0,0,0,0,0,0,0,1,0,1,0,0,0,0,3,0,0,0.2,0
33,0.876,0,0,0,0,0,0,0,0,0,0,1,1,4,0,0,0,0,0,1,0,1,1,1,1,1,1,1,2,0.1,0.26,0,0,0,0,0,0,0,1,0,1,0,0,0,0,3,0,0,0.2,0
34,0.994,0,0,0,0,0,0,0,0,0,0,1,1,4,0,0,0,0,0,1,0,1,1,1,1,1,1,1,2,0.1,0.26,0,0,0,0,0,0,0,1,0,1,0,0,0,0,3,0,0,0.2,0
35,0.89,0,0,0,0,0,0,0,0,0,0,1,1,4,0,0,0,0,0,1,0,1,1,1,1,1,1,1,2,0.1,0.26,0,0,0,0,0,0,0,1,0,1,0,0,0,0,3,0,0,0.2,0
36,0.989,0,0,0,0,0,0,0,0,0,0,1,1,4,0,0,0,0,0,1,0,1,1,1,1,1,1,1,2,0.1,0.26,0,0,0,0,0,0,0,1,0,1,0,0,0,0,3,0,0,0.2,0
37,0.883,0,0,0,0,0,0,0,0,0,0,1,1,4,0,0,0,0,0,1,0,1,1,1,1,1,1,1,2,0.1,0.26,0,0,0,0,0,0,0,1,0,1,0,0,0,0,3,0,0,0.2,0
38,0.906,0,0,0,0,0,0,0,0,0,0,1,1,4,0,0,0,0,0,1,0,1,1,1,1,1,1,1,2,0.1,0.26,0,0,0,0,0,0,0,1,0,1,0,0,0,0,3,0,0,0.2,0
39,0.863,0,0,0,0,0,0,0,0,0,0,1,1,4,0,0,0,0,0,1,0,1,1,1,1,1,1,1,2,0.1,0.26,0,0,0,0,0,0,0,1,0,1,0,0,0,0,3,0,0,0.2,0
40,0.946,0,0,0,0,0,0,0,0,0,0,1,1,4,0,0,0,0,0,1,0,1,1,1,1,1,1,1,2,0.1,0.26,0,0,0,0,0,0,0,1,0,1,0,0,0,0,3,0,0,0.2,0
