1,0.962,0,0,0,0,0,0,0,0,0,0,1,1,4,0,0,0,0,0,1,0,1,1,1,1,1,1,1,2,0,1,0,0,0,0,0,0,0,1,0,1,0,0,0,0,3,0,0,0.2,0
2,0.865,0,0,0,0,0,0,0,0,0,0,1,1,4,0,0,0,0,0,1,0,1,1,1,1,1,1,1,2,0,1,0,0,0,0,0,0,0,1,0,1,0,0,0,0,3,0,0,0.2,0
3,0.952,0,0,0,0,0,0,0,0,0,0,1,1,4,0,0,0,0,0,1,0,1,1,1,1,1,1,1,2,0,1,0,0,0,0,0,0,0,1,0,1,0,0,0,0,3,0,0,0.2,0
4,0.919,0,0,0,0,0,0,0,0,0,0,1,1,4,0,0,0,0,0,1,0,1,1,1,1,1,1,1,2,0,1,0,0,0,0,0,0,0,1,0,1,0,0,0,0,3,0,0,0.2,0
5,0.882,0,0,0,0,0,0,0,0,0,0,1,1,4,0,0,0,0,0,1,0,1,1,1,1,1,1,1,2,0,1,0,0,0,0,0,0,0,1,0,1,0,0,0,0,3,0,0,0.2,0
6,0.864,0,0,0,0,0,0,0,0,0,0,1,1,4,0,0,0,0,0,1,0,1,1,1,1,1,1,1,2,0,1,0,0,0,0,0,0,0,1,0,1,0,0,0,0,3,0,0,0.2,0
7,0.974,0,0,0,0,0,0,0,0,0,0,1,1,4,0,0,0,0,0,1,0,1,1,1,1,1,1,1,2,0,1,0,0,0,0,0,0,0,1,0,1,0,0,0,0,3,0,0,0.2,0
8,0.876,0,0,0,0,0,0,0,0,0,0,1,1,4,0,0,0,0,0,1,0,1,1,1,1,1,1,1,2,0,1,0,0,0,0,0,0,0,1,0,1,0,0,0,0,3,0,0,0.2,0
9,0.874,0,0,0,0,0,0,0,0,0,0,1,1,4,0,0,0,0,0,1,0,1,1,1,1,1,1,1,2,0,1,0,0,0,0,0,0,0,1,0,1,0,0,0,0,3,0,0,0.2,0
10,0.95,0,0,0,0,0,0,0,0,0,0,1,1,4,0,0,0,0,0,1,0,1,1,1,1,1,1,1,2,0,1,0,0,0,0,0,0,0,1,0,1,0,0,0,0,3,0,0,0.2,0
11,0.985,0,0,0,0,0,0,0,0,0,0,1,1,4,0,0,0,0,0,1,0,1,1,1,1,1,1,1,2,0,1,0,0,0,0,0,0,0,1,0,1,0,0,0,0,3,0,0,0.2,0
12,0.928,0,0,0,0,0,0,0,0,0,0,1,1,4,0,0,0,0,0,1,0,1,1,1,1,1,1,1,2,0,1,0,0,0,0,0,0,0,1,0,1,0,0,0,0,3,0,0,0.2,0
13,0.956,0,0,0,0,0,0,0,0,0,0,1,1,4,0,0,0,0,0,1,0,1,1,1,1,1,1,1,2,0,1,0,0,0,0,0,0,0,1,0,1,0,0,0,0,3,0,0,0.2,0
14,0.873,0,0,0,0,0,0,0,0,0,0,1,1,4,0,0,0,0,0,1,0,1,1,1,1,1,1,1,2,0,1,0,0,0,0,0,0,0,1,0,1,0,0,0,0,3,0,0,0.2,0
15,0.993,0,0,0,0,0,0,0,0,0,0,1,1,4,0,0,0,0,0,1,0,1,1,1,1,1,1,1,2,0,1,0,0,0,0,0,0,0,1,0,1,0,0,0,0,3,0,0,0.2,0
16,0.931,0,0,0,0,0,0,0,0,0,0,1,1,4,0,0,0,0,0,1,0,1,1,1,1,1,1,1,2,0,1,0,0,0,0,0,0,0,1,0,1,0,0,0,0,3,0,0,0.2,0
17,0.952,0,0,0,0,0,0,0,0,0,0,1,1,4,0,0,0,0,0,1,0,1,1,1,1,1,1,1,2,0,1,0,0,0,0,0,0,0,1,0,1,0,0,0,0,3,0,0,0.2,0
18,0.855,0,0,0,0,0,0,0,0,0,0,1,1,4,0,0,0,0,0,1,0,1,1,1,1,1,1,1,2,0,1,0,0,0,0,0,0,0,1,0,1,0,0,0,0,3,0,0,0.2,0
19,0.972,0,0,0,0,0,0,0,0,0,0,1,1,4,0,0,0,0,0,1,0,1,1,1,1,1,1,1,2,0,1,0,0,0,0,0,0,0,1,0,1,0,0,0,0,3,0,0,0.2,0
20,0.963,0,0,0,0,0,0,0,0,0,0,1,1,4,0,0,0,0,0,1,0,1,1,1,1,1,1,1,2,0,1,0,0,0,0,0,0,0,1,0,1,0,0,0,0,3,0,0,0.2,0
21,0.868,0,0,0,0,0,0,0,0,0,0,1,1,4,0,0,0,0,0,1,0,1,1,1,1,1,1,1,2,0,1,0,0,0,0,0,0,0,1,0,1,0,0,0,0,3,0,0,0.2,0
22,0.929,0,0,0,0,0,0,0,0,0,0,1,1,4,0,0,0,0,0,1,0,1,1,1,1,1,1,1,2,0,1,0,0,0,0,0,0,0,1,0,1,0,0,0,0,3,0,0,0.2,0
23,0.899,0,0,0,0,0,0,0,0,0,0,1,1,4,0,0,0,0,0,1,0,1,1,1,1,1,1,1,2,0,1,0,0,0,0,0,0,0,1,0,1,0,0,0,0,3,0,0,0.2,0
24,0.932,0,0,0,0,0,0,0,0,0,0,1,1,4,0,0,0,0,0,1,0,1,1,1,1,1,1,1,2,0,1,0,0,0,0,0,0,0,1,0,1,0,0,0,0,3,0,0,0.2,0
25,0.91,0,0,0,0,0,0,0,0,0,0,1,1,4,0,0,0,0,0,1,0,1,1,1,1,1,1,1,2,0,1,0,0,0,0,0,0,0,1,0,1,0,0,0,0,3,0,0,0.2,0
26,0.912,0,0,0,0,0,0,0,0,0,0,1,1,4,0,0,0,0,0,1,0,1,1,1,1,1,1,1,2,0,1,0,0,0,0,0,0,0,1,0,1,0,0,0,0,3,0,0,0.2,0
27,0.877,0,0,0,0,0,0,0,0,0,0,1,1,4,0,0,0,0,0,1,0,1,1,1,1,1,1,1,2,0,1,0,0,0,0,0,0,0,1,0,1,0,0,0,0,3,0,0,0.2,0
28,0.888,0,0,0,0,0,0,0,0,0,0,1,1,4,0,0,0,0,0,1,0,1,1,1,1,1,1,1,2,0,1,0,0,0,0,0,0,0,1,0,1,0,0,0,0,3,0,0,0.2,0
29,0.853,0,0,0,0,0,0,0,0,0,0,1,1,4,0,0,0,0,0,1,0,1,1,1,1,1,1,1,2,0,1,0,0,0,0,0,0,0,1,0,1,0,0,0,0,3,0,0,0.2,0
30,0.989,0,0,0,0,0,0,0,0,0,0,1,1,4,0,0,0,0,0,1,0,1,1,1,1,1,1,1,2,0,1,0,0,0,0,0,0,0,1,0,1,0,0,0,0,3,0,0,0.2,0
31,0.948,0,0,0,0,0,0,0,0,0,0,1,1,4,0,0,0,0,0,1,0,1,1,1,1,1,1,1,2,0,1,0,0,0,0,0,0,0,1,0,1,0,0,0,0,3,0,0,0.2,0
32,0.99,0,0,0,0,0,0,0,0,0,0,1,1,4,0,0,0,0,0,1,0,1,1,1,1,1,1,1,2,0,1,0,0,0,0,0,0,0,1,0,1,0,0,0,0,3,0,0,0.2,0
33,0.874,0,0,0,0,0,0,0,0,0,0,1,1,4,0,0,0,0,0,1,0,1,1,1,1,1,1,1,2,0,1,0,0,0,0,0,0,0,1,0,1,0,0,0,0,3,0,0,0.2,0
34,0.989,0,0,0,0,0,0,0,0,0,0,1,1,4,0,0,0,0,0,1,0,1,1,1,1,1,1,1,2,0,1,0,0,0,0,0,0,0,1,0,1,0,0,0,0,3,0,0,0.2,0
35,0.969,0,0,0,0,0,0,0,0,0,0,1,1,4,0,0,0,0,0,1,0,1,1,1,1,1,1,1,2,0,1,0,0,0,0,0,0,0,1,0,1,0,0,0,0,3,0,0,0.2,0
36,0.937,0,0,0,0,0,0,0,0,0,0,1,1,4,0,0,0,0,0,1,0,1,1,1,1,1,1,1,2,0,1,0,0,0,0,0,0,0,1,0,1,0,0,0,0,3,0,0,0.2,0
37,0.916,0,0,0,0,0,0,0,0,0,0,1,1,4,0,0,0,0,0,1,0,1,1,1,1,1,1,1,2,0,1,0,0,0,0,0,0,0,1,0,1,0,0,0,0,3,0,0,0.2,0
38,0.888,0,0,0,0,0,0,0,0,0,0,1,1,4,0,0,0,0,0,1,0,1,1,1,1,1,1,1,2,0,1,0,0,0,0,0,0,0,1,0,1,0,0,0,0,3,0,0,0.2,0
39,0.963,0,0,0,0,0,0,0,0,0,0,1,1,4,0,0,0,0,0,1,0,1,1,1,1,1,1,1,2,0,1,0,0,0,0,0,0,0,1,0,1,0,0,0,0,3,0,0,0.2,0
40,0.884,0,0,0,0,0,0,0,0,0,0,1,1,4,0,0,0,0,0,1,0,1,1,1,1,1,1,1,2,0,1,0,0,0,0,0,0,0,1,0,1,0,0,0,0,3,0,0,0.2,0
